"pd "gd"
2741 2.741e-05
15909 0.00015909
58401 0.00058401
83020 0.0008302
126136 0.00126136
136943 0.00136943
163116 0.00163116
174205 0.00174205
181241 0.00181241
206500 0.002065
211089 0.00211089
254047 0.00254047
270101 0.00270101
347506 0.00347506
367388 0.00367388
396898 0.00396898
400899 0.00400899
471263 0.00471263
495268 0.00495268
496453 0.00496453
525711 0.00525711
533349 0.00533349
535080 0.0053508
535571 0.00535571
559363 0.00559363
591177 0.00591177
594093 0.00594093
611350 0.0061135
619365 0.00619365
643896 0.00643896
647423 0.00647423
655743 0.00655743
671276 0.00671276
692593 0.00692593
694204 0.00694204
704021 0.00704021
719559 0.00719559
728941 0.00728941
795093 0.00795093
844541 0.00844541
877155 0.00877155
889268 0.00889268
900646 0.00900646
974887 0.00974887
1007415 0.01007415
1031676 0.01031676
1094481 0.01094481
1228954 0.01228954
1293849 0.01293849
1298042 0.01298042
1310625 0.01310625
1360755 0.01360755
1378121 0.01378121
1378977 0.01378977
1394375 0.01394375
1439306 0.01439306
1475597 0.01475597
1523507 0.01523507
1532163 0.01532163
1542658 0.01542658
1560235 0.01560235
1577648 0.01577648
1581279 0.01581279
1686187 0.01686187
1746504 0.01746504
1746910 0.0174691
1751461 0.01751461
1765737 0.01765737
1830037 0.01830037
1851097 0.01851097
1870527 0.01870527
1888081 0.01888081
1910781 0.01910781
1935680 0.0193568
1995330 0.0199533
2008519 0.02008519
2024141 0.02024141
2052151 0.02052151
2068176 0.02068176
2107505 0.02107505
2173665 0.02173665
2175589 0.02175589
2176295 0.02176295
2179276 0.02179276
2266315 0.02266315
2274241 0.02274241
2275016 0.02275016
2292574 0.02292574
2323280 0.0232328
2329052 0.02329052
2412271 0.02412271
2438701 0.02438701
2446523 0.02446523
2467200 0.024672
2551433 0.02551433
2580249 0.02580249
2585070 0.0258507
2601640 0.0260164
2634748 0.02634748
2644154 0.02644154
2658814 0.02658814
2735760 0.0273576
2781059 0.02781059
2876548 0.02876548
2944157 0.02944157
2959294 0.02959294
2960616 0.02960616
3010333 0.03010333
3016300 0.030163
3060749 0.03060749
3140705 0.03140705
3169095 0.03169095
3270216 0.03270216
3279183 0.03279183
3281812 0.03281812
3300302 0.03300302
3300608 0.03300608
3320984 0.03320984
3328756 0.03328756
3337177 0.03337177
3337586 0.03337586
3359633 0.03359633
3398465 0.03398465
3418335 0.03418335
3431709 0.03431709
3433194 0.03433194
3531984 0.03531984
3535180 0.0353518
3544849 0.03544849
3636846 0.03636846
3648722 0.03648722
3653668 0.03653668
3656419 0.03656419
3662973 0.03662973
3717966 0.03717966
3726264 0.03726264
3731414 0.03731414
3759326 0.03759326
3765537 0.03765537
3767723 0.03767723
3785634 0.03785634
3792409 0.03792409
3803620 0.0380362
3809303 0.03809303
3813239 0.03813239
3824179 0.03824179
3849460 0.0384946
3890493 0.03890493
3894070 0.0389407
3924693 0.03924693
3926046 0.03926046
3926085 0.03926085
3936478 0.03936478
3960647 0.03960647
4047229 0.04047229
4048294 0.04048294
4070942 0.04070942
4076215 0.04076215
4095353 0.04095353
4111054 0.04111054
4133398 0.04133398
4189630 0.0418963
4231049 0.04231049
4318055 0.04318055
4337985 0.04337985
4362167 0.04362167
4364986 0.04364986
4377858 0.04377858
4379261 0.04379261
4380076 0.04380076
4400740 0.0440074
4402946 0.04402946
4422359 0.04422359
4486092 0.04486092
4487241 0.04487241
4489210 0.0448921
4542920 0.0454292
4558908 0.04558908
4595806 0.04595806
4600318 0.04600318
4635283 0.04635283
4642794 0.04642794
4644787 0.04644787
4681703 0.04681703
4719528 0.04719528
4733015 0.04733015
4773717 0.04773717
4797500 0.047975
4819841 0.04819841
4836730 0.0483673
4837203 0.04837203
4839220 0.0483922
4863189 0.04863189
4963967 0.04963967
4990979 0.04990979
5019843 0.05019843
5023522 0.05023522
5023737 0.05023737
5044422 0.05044422
5056770 0.0505677
5060028 0.05060028
5152110 0.0515211
5164002 0.05164002
5166324 0.05166324
5189350 0.0518935
5197981 0.05197981
5210300 0.052103
5281535 0.05281535
5316274 0.05316274
5320929 0.05320929
5329809 0.05329809
5451900 0.054519
5467681 0.05467681
5531497 0.05531497
5738257 0.05738257
5802065 0.05802065
5866546 0.05866546
5873070 0.0587307
5879169 0.05879169
5970446 0.05970446
5973468 0.05973468
6015946 0.06015946
6023131 0.06023131
6196412 0.06196412
6202756 0.06202756
6268317 0.06268317
6285674 0.06285674
6355652 0.06355652
6373551 0.06373551
6428936 0.06428936
6462068 0.06462068
6474073 0.06474073
6474392 0.06474392
6486216 0.06486216
6493451 0.06493451
6504621 0.06504621
6518893 0.06518893
6675454 0.06675454
6714885 0.06714885
6875817 0.06875817
6934179 0.06934179
6952345 0.06952345
6968110 0.0696811
6968967 0.06968967
6977478 0.06977478
7002332 0.07002332
7040574 0.07040574
7054235 0.07054235
7197887 0.07197887
7205015 0.07205015
7245771 0.07245771
7253955 0.07253955
7255080 0.0725508
7262388 0.07262388
7271583 0.07271583
7363167 0.07363167
7387585 0.07387585
7389854 0.07389854
7469152 0.07469152
7493844 0.07493844
7547955 0.07547955
7581675 0.07581675
7590656 0.07590656
7628329 0.07628329
7670852 0.07670852
7729771 0.07729771
7802259 0.07802259
7806721 0.07806721
7814837 0.07814837
7850902 0.07850902
7899363 0.07899363
7986507 0.07986507
7995924 0.07995924
8029441 0.08029441
8108609 0.08108609
8194181 0.08194181
8246571 0.08246571
8361592 0.08361592
8371597 0.08371597
8434776 0.08434776
8536218 0.08536218
8546929 0.08546929
8564567 0.08564567
8590181 0.08590181
8618190 0.0861819
8623105 0.08623105
8639763 0.08639763
8672115 0.08672115
8724979 0.08724979
8759678 0.08759678
8763712 0.08763712
8779229 0.08779229
8837211 0.08837211
8855965 0.08855965
8898924 0.08898924
8966479 0.08966479
8968729 0.08968729
8978701 0.08978701
8996442 0.08996442
9010396 0.09010396
9014253 0.09014253
9040701 0.09040701
9041721 0.09041721
9047744 0.09047744
9051271 0.09051271
9055592 0.09055592
9071806 0.09071806
9082575 0.09082575
9088839 0.09088839
9199241 0.09199241
9226676 0.09226676
9268551 0.09268551
9382739 0.09382739
9546350 0.0954635
9590038 0.09590038
9596667 0.09596667
9680929 0.09680929
9801849 0.09801849
9805893 0.09805893
9839032 0.09839032
9868770 0.0986877
9907091 0.09907091
9907354 0.09907354
9907596 0.09907596
9914647 0.09914647
9927733 0.09927733
9938972 0.09938972
9955354 0.09955354
9971947 0.09971947
9993858 0.09993858
10010796 0.10010796
10043130 0.1004313
10054786 0.10054786
10088251 0.10088251
10099559 0.10099559
10110691 0.10110691
10113196 0.10113196
10114955 0.10114955
10157634 0.10157634
10160722 0.10160722
10182479 0.10182479
10188785 0.10188785
10203955 0.10203955
10290960 0.1029096
10295705 0.10295705
10305425 0.10305425
10310982 0.10310982
10313588 0.10313588
10323860 0.1032386
10344744 0.10344744
10418561 0.10418561
10463674 0.10463674
10478991 0.10478991
10481263 0.10481263
10483236 0.10483236
10494124 0.10494124
10507472 0.10507472
10509048 0.10509048
10527152 0.10527152
10591853 0.10591853
10622933 0.10622933
10636444 0.10636444
10643860 0.1064386
10694123 0.10694123
10712753 0.10712753
10791039 0.10791039
10836642 0.10836642
10846481 0.10846481
10849151 0.10849151
10849904 0.10849904
10866917 0.10866917
10875300 0.108753
10882980 0.1088298
10893903 0.10893903
10901672 0.10901672
10922046 0.10922046
10974844 0.10974844
11054174 0.11054174
11057221 0.11057221
11064848 0.11064848
11069675 0.11069675
11073393 0.11073393
11089575 0.11089575
11094595 0.11094595
11128323 0.11128323
11380573 0.11380573
11442545 0.11442545
11482461 0.11482461
11519782 0.11519782
11533858 0.11533858
11552471 0.11552471
11603002 0.11603002
11657018 0.11657018
11696445 0.11696445
11715574 0.11715574
11769179 0.11769179
11792277 0.11792277
11793498 0.11793498
11815232 0.11815232
11845576 0.11845576
11858253 0.11858253
11862283 0.11862283
11866000 0.11866
11882872 0.11882872
11885115 0.11885115
11893322 0.11893322
11906788 0.11906788
11917699 0.11917699
11930540 0.1193054
11931116 0.11931116
11977722 0.11977722
12001990 0.1200199
12045341 0.12045341
12064036 0.12064036
12108350 0.1210835
12110137 0.12110137
12221500 0.122215
12244535 0.12244535
12253413 0.12253413
12260393 0.12260393
12281476 0.12281476
12383351 0.12383351
12450403 0.12450403
12466318 0.12466318
12487948 0.12487948
12496379 0.12496379
12510653 0.12510653
12530226 0.12530226
12565540 0.1256554
12567806 0.12567806
12611931 0.12611931
12626108 0.12626108
12639695 0.12639695
12648333 0.12648333
12687255 0.12687255
12692994 0.12692994
12719632 0.12719632
12748308 0.12748308
12761705 0.12761705
12788930 0.1278893
12821527 0.12821527
12844382 0.12844382
12893119 0.12893119
12893490 0.1289349
12916117 0.12916117
12992283 0.12992283
13020309 0.13020309
13082206 0.13082206
13106970 0.1310697
13115649 0.13115649
13137275 0.13137275
13143869 0.13143869
13144846 0.13144846
13163002 0.13163002
13163774 0.13163774
13186163 0.13186163
13188068 0.13188068
13208992 0.13208992
13274557 0.13274557
13309498 0.13309498
13341613 0.13341613
13434206 0.13434206
13439419 0.13439419
13453410 0.1345341
13489299 0.13489299
13492860 0.1349286
13502091 0.13502091
13519485 0.13519485
13526764 0.13526764
13539924 0.13539924
13552037 0.13552037
13573418 0.13573418
13580635 0.13580635
13615602 0.13615602
13665931 0.13665931
13668924 0.13668924
13708136 0.13708136
13711448 0.13711448
13721817 0.13721817
13736220 0.1373622
13776965 0.13776965
13777869 0.13777869
13796587 0.13796587
13810558 0.13810558
13816165 0.13816165
13818333 0.13818333
13844386 0.13844386
13863299 0.13863299
13891021 0.13891021
13896753 0.13896753
13899407 0.13899407
13925361 0.13925361
13926156 0.13926156
13988874 0.13988874
14048554 0.14048554
14071609 0.14071609
14078866 0.14078866
14091665 0.14091665
14164777 0.14164777
14177714 0.14177714
14230097 0.14230097
14282419 0.14282419
14311148 0.14311148
14389074 0.14389074
14397730 0.1439773
14401760 0.1440176
14423636 0.14423636
14449408 0.14449408
14506498 0.14506498
14516726 0.14516726
14517103 0.14517103
14522884 0.14522884
14545641 0.14545641
14554545 0.14554545
14565864 0.14565864
14574456 0.14574456
14580251 0.14580251
14605096 0.14605096
14635696 0.14635696
14641413 0.14641413
14714180 0.1471418
14745178 0.14745178
14778420 0.1477842
14783172 0.14783172
14807039 0.14807039
14861728 0.14861728
14863096 0.14863096
14869705 0.14869705
14897278 0.14897278
14978256 0.14978256
15037580 0.1503758
15087862 0.15087862
15144691 0.15144691
15164363 0.15164363
15189861 0.15189861
15191505 0.15191505
15194031 0.15194031
15205205 0.15205205
15226165 0.15226165
15294731 0.15294731
15299651 0.15299651
15312180 0.1531218
15314248 0.15314248
15346086 0.15346086
15355427 0.15355427
15378838 0.15378838
15440823 0.15440823
15481132 0.15481132
15484595 0.15484595
15510652 0.15510652
15515139 0.15515139
15532487 0.15532487
15536893 0.15536893
15568291 0.15568291
15587851 0.15587851
15615157 0.15615157
15619836 0.15619836
15624894 0.15624894
15632466 0.15632466
15650355 0.15650355
15652314 0.15652314
15655808 0.15655808
15663190 0.1566319
15666007 0.15666007
15705058 0.15705058
15752645 0.15752645
15765363 0.15765363
15768692 0.15768692
15769844 0.15769844
15783713 0.15783713
15794280 0.1579428
15814203 0.15814203
15835526 0.15835526
15949685 0.15949685
15975339 0.15975339
15995762 0.15995762
16002463 0.16002463
16015789 0.16015789
16025480 0.1602548
16027812 0.16027812
16045988 0.16045988
16048566 0.16048566
16051527 0.16051527
16103757 0.16103757
16155479 0.16155479
16215241 0.16215241
16321578 0.16321578
16337837 0.16337837
16353108 0.16353108
16354367 0.16354367
16386638 0.16386638
16423535 0.16423535
16435245 0.16435245
16599052 0.16599052
16611673 0.16611673
16623727 0.16623727
16634349 0.16634349
16634859 0.16634859
16639442 0.16639442
16670129 0.16670129
16693308 0.16693308
16703031 0.16703031
16729053 0.16729053
16742112 0.16742112
16778910 0.1677891
16850062 0.16850062
16862101 0.16862101
16872273 0.16872273
16932436 0.16932436
16941562 0.16941562
16964891 0.16964891
16984829 0.16984829
17121137 0.17121137
17149606 0.17149606
17179484 0.17179484
17186108 0.17186108
17196051 0.17196051
17224229 0.17224229
17239672 0.17239672
17254152 0.17254152
17288027 0.17288027
17288784 0.17288784
17310279 0.17310279
17326201 0.17326201
17346082 0.17346082
17350048 0.17350048
17362462 0.17362462
17393868 0.17393868
17396589 0.17396589
17419493 0.17419493
17461959 0.17461959
17469649 0.17469649
17534018 0.17534018
17594157 0.17594157
17602831 0.17602831
17622469 0.17622469
17637430 0.1763743
17648532 0.17648532
17667380 0.1766738
17680322 0.17680322
17719261 0.17719261
17719770 0.1771977
17736689 0.17736689
17759246 0.17759246
17761970 0.1776197
17770930 0.1777093
17790353 0.17790353
17857480 0.1785748
17860912 0.17860912
17875393 0.17875393
17877692 0.17877692
17895178 0.17895178
17940380 0.1794038
18028017 0.18028017
18031229 0.18031229
18058486 0.18058486
18062999 0.18062999
18092211 0.18092211
18099214 0.18099214
18118646 0.18118646
18122549 0.18122549
18126625 0.18126625
18187007 0.18187007
18208399 0.18208399
18215207 0.18215207
18339341 0.18339341
18357638 0.18357638
18358172 0.18358172
18376481 0.18376481
18425197 0.18425197
18485978 0.18485978
18546904 0.18546904
18567448 0.18567448
18573736 0.18573736
18716326 0.18716326
18731060 0.1873106
18762672 0.18762672
18833490 0.1883349
18833556 0.18833556
18887130 0.1888713
18925918 0.18925918
18930541 0.18930541
18954842 0.18954842
19051940 0.1905194
19079150 0.1907915
19122363 0.19122363
19160593 0.19160593
19168995 0.19168995
19208286 0.19208286
19211436 0.19211436
19265939 0.19265939
19271577 0.19271577
19316905 0.19316905
19325032 0.19325032
19337399 0.19337399
19349164 0.19349164
19363912 0.19363912
19381346 0.19381346
19415772 0.19415772
19515689 0.19515689
19520616 0.19520616
19520966 0.19520966
19636247 0.19636247
19646024 0.19646024
19662433 0.19662433
19666981 0.19666981
19698252 0.19698252
19741543 0.19741543
19771612 0.19771612
19786404 0.19786404
19793570 0.1979357
19804043 0.19804043
19809922 0.19809922
19836112 0.19836112
19843870 0.1984387
19977195 0.19977195
19995459 0.19995459
20054799 0.20054799
20102367 0.20102367
20103518 0.20103518
20117160 0.2011716
20139725 0.20139725
20147362 0.20147362
20193099 0.20193099
20194853 0.20194853
20249503 0.20249503
20249541 0.20249541
20260680 0.2026068
20333999 0.20333999
20335805 0.20335805
20401732 0.20401732
20404359 0.20404359
20471091 0.20471091
20505957 0.20505957
20510638 0.20510638
20511619 0.20511619
20537330 0.2053733
20546871 0.20546871
20638656 0.20638656
20650844 0.20650844
20671642 0.20671642
20734295 0.20734295
20748432 0.20748432
20762948 0.20762948
20767836 0.20767836
20768107 0.20768107
20776477 0.20776477
20785540 0.2078554
20824118 0.20824118
20851362 0.20851362
20852291 0.20852291
20871106 0.20871106
20965676 0.20965676
20983412 0.20983412
20985918 0.20985918
20986133 0.20986133
20999350 0.2099935
21022453 0.21022453
21070284 0.21070284
21108261 0.21108261
21143156 0.21143156
21209820 0.2120982
21231337 0.21231337
21374815 0.21374815
21410825 0.21410825
21413797 0.21413797
21419931 0.21419931
21425279 0.21425279
21432786 0.21432786
21467630 0.2146763
21493468 0.21493468
21494955 0.21494955
21519821 0.21519821
21524781 0.21524781
21565746 0.21565746
21570085 0.21570085
21587516 0.21587516
21589285 0.21589285
21591025 0.21591025
21671290 0.2167129
21689476 0.21689476
21698686 0.21698686
21725375 0.21725375
21736134 0.21736134
21756077 0.21756077
21764863 0.21764863
21800584 0.21800584
21824804 0.21824804
21825370 0.2182537
21826760 0.2182676
21887102 0.21887102
21904680 0.2190468
21912770 0.2191277
21915870 0.2191587
21982648 0.21982648
22028568 0.22028568
22093673 0.22093673
22103770 0.2210377
22229425 0.22229425
22242394 0.22242394
22280868 0.22280868
22287549 0.22287549
22321715 0.22321715
22356209 0.22356209
22463706 0.22463706
22468667 0.22468667
22490815 0.22490815
22506865 0.22506865
22513534 0.22513534
22521954 0.22521954
22523250 0.2252325
22525995 0.22525995
22545867 0.22545867
22550301 0.22550301
22550910 0.2255091
22567515 0.22567515
22617296 0.22617296
22645780 0.2264578
22707951 0.22707951
22771282 0.22771282
22807510 0.2280751
22835923 0.22835923
22854774 0.22854774
22880158 0.22880158
22881296 0.22881296
22882018 0.22882018
22902739 0.22902739
22928921 0.22928921
22932977 0.22932977
22944795 0.22944795
22945366 0.22945366
22951959 0.22951959
22958361 0.22958361
22994215 0.22994215
23000293 0.23000293
23005490 0.2300549
23015636 0.23015636
23018129 0.23018129
23026578 0.23026578
23051200 0.230512
23085702 0.23085702
23161801 0.23161801
23222858 0.23222858
23229558 0.23229558
23272983 0.23272983
23278228 0.23278228
23283660 0.2328366
23332342 0.23332342
23344808 0.23344808
23345009 0.23345009
23389835 0.23389835
23399978 0.23399978
23415834 0.23415834
23434810 0.2343481
23478849 0.23478849
23483688 0.23483688
23503715 0.23503715
23515054 0.23515054
23525701 0.23525701
23530673 0.23530673
23553971 0.23553971
23631996 0.23631996
23642112 0.23642112
23651155 0.23651155
23674943 0.23674943
23678572 0.23678572
23720439 0.23720439
23727924 0.23727924
23739248 0.23739248
23741515 0.23741515
23748702 0.23748702
23764246 0.23764246
23775672 0.23775672
23783839 0.23783839
23805632 0.23805632
23843009 0.23843009
23859140 0.2385914
23865653 0.23865653
23878535 0.23878535
23906360 0.2390636
23937415 0.23937415
23962489 0.23962489
23962565 0.23962565
23977178 0.23977178
23981627 0.23981627
23985979 0.23985979
24000514 0.24000514
24005311 0.24005311
24009073 0.24009073
24019571 0.24019571
24022811 0.24022811
24036596 0.24036596
24037897 0.24037897
24082321 0.24082321
24083651 0.24083651
24103752 0.24103752
24109331 0.24109331
24118208 0.24118208
24172101 0.24172101
24181137 0.24181137
24220009 0.24220009
24239600 0.242396
24243515 0.24243515
24258002 0.24258002
24317973 0.24317973
24343752 0.24343752
24343816 0.24343816
24361055 0.24361055
24383119 0.24383119
24409213 0.24409213
24424846 0.24424846
24433005 0.24433005
24446558 0.24446558
24510438 0.24510438
24512209 0.24512209
24517826 0.24517826
24616640 0.2461664
24619980 0.2461998
24644142 0.24644142
24652440 0.2465244
24652484 0.24652484
24662647 0.24662647
24796371 0.24796371
24797740 0.2479774
24981220 0.2498122
24986271 0.24986271
24989310 0.2498931
24995638 0.24995638
25003511 0.25003511
25006422 0.25006422
25023145 0.25023145
25034731 0.25034731
25039327 0.25039327
25120824 0.25120824
25136473 0.25136473
25143083 0.25143083
25236447 0.25236447
25260024 0.25260024
25277889 0.25277889
25327667 0.25327667
25346892 0.25346892
25354197 0.25354197
25366738 0.25366738
25368640 0.2536864
25372639 0.25372639
25373135 0.25373135
25389021 0.25389021
25429846 0.25429846
25434915 0.25434915
25437492 0.25437492
25456838 0.25456838
25496372 0.25496372
25606481 0.25606481
25614041 0.25614041
25659496 0.25659496
25681695 0.25681695
25715345 0.25715345
25719706 0.25719706
25755224 0.25755224
25786235 0.25786235
25841426 0.25841426
25982985 0.25982985
26030765 0.26030765
26036573 0.26036573
26052515 0.26052515
26059559 0.26059559
26069238 0.26069238
26141912 0.26141912
26161069 0.26161069
26190762 0.26190762
26230025 0.26230025
26250160 0.2625016
26252222 0.26252222
26434303 0.26434303
26435350 0.2643535
26455149 0.26455149
26455987 0.26455987
26478724 0.26478724
26481612 0.26481612
26540539 0.26540539
26544913 0.26544913
26548678 0.26548678
26583891 0.26583891
26595323 0.26595323
26624168 0.26624168
26631843 0.26631843
26642426 0.26642426
26654555 0.26654555
26663212 0.26663212
26682753 0.26682753
26687916 0.26687916
26713924 0.26713924
26762099 0.26762099
26842419 0.26842419
26917748 0.26917748
26960110 0.2696011
26977809 0.26977809
27014046 0.27014046
27016553 0.27016553
27039398 0.27039398
27055075 0.27055075
27108816 0.27108816
27154091 0.27154091
27156314 0.27156314
27185107 0.27185107
27249095 0.27249095
27328604 0.27328604
27339743 0.27339743
27341663 0.27341663
27342459 0.27342459
27345817 0.27345817
27389750 0.2738975
27417570 0.2741757
27464203 0.27464203
27467271 0.27467271
27476457 0.27476457
27509920 0.2750992
27550894 0.27550894
27553923 0.27553923
27594551 0.27594551
27660672 0.27660672
27690417 0.27690417
27706561 0.27706561
27711265 0.27711265
27721359 0.27721359
27729566 0.27729566
27743488 0.27743488
27756809 0.27756809
27771665 0.27771665
27795110 0.2779511
27804629 0.27804629
27824215 0.27824215
27826577 0.27826577
27828061 0.27828061
27877776 0.27877776
27977941 0.27977941
28123609 0.28123609
28140983 0.28140983
28183038 0.28183038
28188117 0.28188117
28251956 0.28251956
28272712 0.28272712
28287355 0.28287355
28299590 0.2829959
28308338 0.28308338
28319570 0.2831957
28321711 0.28321711
28443399 0.28443399
28512644 0.28512644
28553228 0.28553228
28557083 0.28557083
28591277 0.28591277
28594209 0.28594209
28603372 0.28603372
28623726 0.28623726
28632225 0.28632225
28653168 0.28653168
28676433 0.28676433
28705900 0.287059
28724266 0.28724266
28745633 0.28745633
28746755 0.28746755
28753029 0.28753029
28771374 0.28771374
28794493 0.28794493
28983338 0.28983338
29085447 0.29085447
29088140 0.2908814
29098730 0.2909873
29102112 0.29102112
29155893 0.29155893
29160190 0.2916019
29207045 0.29207045
29231842 0.29231842
29237869 0.29237869
29248436 0.29248436
29275637 0.29275637
29285453 0.29285453
29285665 0.29285665
29323627 0.29323627
29324670 0.2932467
29370281 0.29370281
29405271 0.29405271
29408784 0.29408784
29418211 0.29418211
29455259 0.29455259
29621051 0.29621051
29661595 0.29661595
29697844 0.29697844
29745899 0.29745899
29793945 0.29793945
29799251 0.29799251
29827934 0.29827934
29830523 0.29830523
29859692 0.29859692
29877209 0.29877209
30030671 0.30030671
30046491 0.30046491
30081251 0.30081251
30084979 0.30084979
30091165 0.30091165
30100676 0.30100676
30130938 0.30130938
30157968 0.30157968
30340163 0.30340163
30407137 0.30407137
30412534 0.30412534
30417445 0.30417445
30476178 0.30476178
30625514 0.30625514
30653071 0.30653071
30667443 0.30667443
30676089 0.30676089
30679524 0.30679524
30680026 0.30680026
30693735 0.30693735
30724422 0.30724422
30773357 0.30773357
30778374 0.30778374
30802549 0.30802549
30811657 0.30811657
30861657 0.30861657
30870725 0.30870725
30910050 0.3091005
30936023 0.30936023
30975498 0.30975498
30976418 0.30976418
30986928 0.30986928
31006420 0.3100642
31011242 0.31011242
31014806 0.31014806
31018417 0.31018417
31086261 0.31086261
31171059 0.31171059
31182068 0.31182068
31185560 0.3118556
31189358 0.31189358
31223279 0.31223279
31233391 0.31233391
31249256 0.31249256
31272910 0.3127291
31375372 0.31375372
31376290 0.3137629
31430247 0.31430247
31511456 0.31511456
31597811 0.31597811
31610796 0.31610796
31631534 0.31631534
31660433 0.31660433
31678372 0.31678372
31678657 0.31678657
31725240 0.3172524
31762412 0.31762412
31775856 0.31775856
31778466 0.31778466
31887459 0.31887459
31921227 0.31921227
32030288 0.32030288
32061040 0.3206104
32151325 0.32151325
32313200 0.323132
32403787 0.32403787
32428184 0.32428184
32458942 0.32458942
32540000 0.3254
32596379 0.32596379
32654420 0.3265442
32670890 0.3267089
32672283 0.32672283
32720496 0.32720496
32759227 0.32759227
32769374 0.32769374
32844387 0.32844387
32899048 0.32899048
32978630 0.3297863
33014634 0.33014634
33043266 0.33043266
33069757 0.33069757
33117117 0.33117117
33117775 0.33117775
33135434 0.33135434
33141590 0.3314159
33143392 0.33143392
33147552 0.33147552
33160087 0.33160087
33172323 0.33172323
33211470 0.3321147
33227750 0.3322775
33287673 0.33287673
33325847 0.33325847
33368586 0.33368586
33390869 0.33390869
33412713 0.33412713
33471168 0.33471168
33505032 0.33505032
33506260 0.3350626
33507523 0.33507523
33547407 0.33547407
33552753 0.33552753
33585708 0.33585708
33608889 0.33608889
33619648 0.33619648
33636295 0.33636295
33717514 0.33717514
33724667 0.33724667
33790824 0.33790824
33814602 0.33814602
33922061 0.33922061
33980622 0.33980622
33987621 0.33987621
34008880 0.3400888
34028470 0.3402847
34032700 0.340327
34048489 0.34048489
34077690 0.3407769
34189839 0.34189839
34273574 0.34273574
34396818 0.34396818
34418821 0.34418821
34426953 0.34426953
34462838 0.34462838
34500220 0.3450022
34501582 0.34501582
34519720 0.3451972
34552063 0.34552063
34568205 0.34568205
34574825 0.34574825
34579812 0.34579812
34621132 0.34621132
34645623 0.34645623
34685786 0.34685786
34703673 0.34703673
34704152 0.34704152
34727823 0.34727823
34747621 0.34747621
34800942 0.34800942
34810554 0.34810554
34821986 0.34821986
34870080 0.3487008
34987067 0.34987067
35137868 0.35137868
35143531 0.35143531
35150694 0.35150694
35159611 0.35159611
35308781 0.35308781
35404241 0.35404241
35593343 0.35593343
35664062 0.35664062
35757872 0.35757872
35875283 0.35875283
35931622 0.35931622
35940165 0.35940165
35962853 0.35962853
35963199 0.35963199
36034836 0.36034836
36039090 0.3603909
36040369 0.36040369
36057072 0.36057072
36059136 0.36059136
36059816 0.36059816
36073837 0.36073837
36075943 0.36075943
36077798 0.36077798
36079548 0.36079548
36206412 0.36206412
36211374 0.36211374
36238130 0.3623813
36244119 0.36244119
36304564 0.36304564
36409984 0.36409984
36413030 0.3641303
36443591 0.36443591
36444730 0.3644473
36445171 0.36445171
36457844 0.36457844
36483204 0.36483204
36529335 0.36529335
36539849 0.36539849
36542962 0.36542962
36627607 0.36627607
36663945 0.36663945
36739454 0.36739454
36811030 0.3681103
36862096 0.36862096
36889979 0.36889979
36898098 0.36898098
36901733 0.36901733
36933763 0.36933763
36935364 0.36935364
36968059 0.36968059
36985873 0.36985873
37039840 0.3703984
37055960 0.3705596
37056694 0.37056694
37166213 0.37166213
37220138 0.37220138
37278393 0.37278393
37278884 0.37278884
37376611 0.37376611
37377958 0.37377958
37380360 0.3738036
37391657 0.37391657
37423656 0.37423656
37526547 0.37526547
37567440 0.3756744
37600191 0.37600191
37619587 0.37619587
37647352 0.37647352
37650819 0.37650819
37667348 0.37667348
37696173 0.37696173
37701298 0.37701298
37720635 0.37720635
37726370 0.3772637
37767703 0.37767703
37771430 0.3777143
37792686 0.37792686
37799430 0.3779943
37808784 0.37808784
37820200 0.378202
37858468 0.37858468
37890788 0.37890788
37905503 0.37905503
37931310 0.3793131
37975675 0.37975675
38065042 0.38065042
38105872 0.38105872
38126689 0.38126689
38144217 0.38144217
38161928 0.38161928
38173909 0.38173909
38185407 0.38185407
38194442 0.38194442
38242911 0.38242911
38267764 0.38267764
38271669 0.38271669
38286855 0.38286855
38319333 0.38319333
38344478 0.38344478
38346981 0.38346981
38350520 0.3835052
38361093 0.38361093
38364398 0.38364398
38446226 0.38446226
38447558 0.38447558
38451050 0.3845105
38477356 0.38477356
38489437 0.38489437
38502157 0.38502157
38523870 0.3852387
38528812 0.38528812
38550475 0.38550475
38566797 0.38566797
38588681 0.38588681
38625308 0.38625308
38704731 0.38704731
38728099 0.38728099
38733278 0.38733278
38738179 0.38738179
38768174 0.38768174
38838768 0.38838768
38854007 0.38854007
38859663 0.38859663
38974280 0.3897428
38982782 0.38982782
39119237 0.39119237
39124395 0.39124395
39136377 0.39136377
39158479 0.39158479
39162721 0.39162721
39184709 0.39184709
39259168 0.39259168
39292734 0.39292734
39348370 0.3934837
39354569 0.39354569
39362892 0.39362892
39496962 0.39496962
39499602 0.39499602
39599312 0.39599312
39617437 0.39617437
39634271 0.39634271
39634409 0.39634409
39661883 0.39661883
39665256 0.39665256
39670138 0.39670138
39670600 0.396706
39687718 0.39687718
39699639 0.39699639
39710785 0.39710785
39726522 0.39726522
39740876 0.39740876
39774877 0.39774877
39779144 0.39779144
39794252 0.39794252
39910462 0.39910462
40001600 0.400016
40002203 0.40002203
40003841 0.40003841
40011604 0.40011604
40013360 0.4001336
40023433 0.40023433
40028917 0.40028917
40032168 0.40032168
40149480 0.4014948
40150118 0.40150118
40207747 0.40207747
40227394 0.40227394
40283192 0.40283192
40284282 0.40284282
40357180 0.4035718
40388313 0.40388313
40399527 0.40399527
40429625 0.40429625
40435009 0.40435009
40437900 0.404379
40480666 0.40480666
40510971 0.40510971
40542321 0.40542321
40600027 0.40600027
40663921 0.40663921
40670022 0.40670022
40700537 0.40700537
40712510 0.4071251
40745744 0.40745744
40786183 0.40786183
40787012 0.40787012
40797602 0.40797602
40801384 0.40801384
40892292 0.40892292
40908973 0.40908973
40922555 0.40922555
40968949 0.40968949
41005756 0.41005756
41022706 0.41022706
41032952 0.41032952
41075939 0.41075939
41090406 0.41090406
41119996 0.41119996
41155625 0.41155625
41161972 0.41161972
41172909 0.41172909
41191975 0.41191975
41193359 0.41193359
41197847 0.41197847
41201312 0.41201312
41207662 0.41207662
41251269 0.41251269
41330813 0.41330813
41352720 0.4135272
41376785 0.41376785
41404037 0.41404037
41427073 0.41427073
41488121 0.41488121
41500441 0.41500441
41522820 0.4152282
41548996 0.41548996
41551418 0.41551418
41645186 0.41645186
41698103 0.41698103
41703479 0.41703479
41746061 0.41746061
41746537 0.41746537
41764625 0.41764625
41787059 0.41787059
41796758 0.41796758
41806767 0.41806767
41837260 0.4183726
41839829 0.41839829
41841392 0.41841392
41903552 0.41903552
41906502 0.41906502
41963190 0.4196319
41973447 0.41973447
41985643 0.41985643
41989273 0.41989273
42005625 0.42005625
42005679 0.42005679
42016822 0.42016822
42074768 0.42074768
42111129 0.42111129
42113554 0.42113554
42165926 0.42165926
42177065 0.42177065
42178234 0.42178234
42181212 0.42181212
42244710 0.4224471
42256095 0.42256095
42277223 0.42277223
42287273 0.42287273
42298599 0.42298599
42306520 0.4230652
42346508 0.42346508
42517697 0.42517697
42525580 0.4252558
42529453 0.42529453
42610000 0.4261
42847007 0.42847007
42913375 0.42913375
42918946 0.42918946
42923152 0.42923152
42964631 0.42964631
42970453 0.42970453
43012382 0.43012382
43060383 0.43060383
43060591 0.43060591
43088416 0.43088416
43132458 0.43132458
43133764 0.43133764
43143419 0.43143419
43145032 0.43145032
43197882 0.43197882
43220239 0.43220239
43263436 0.43263436
43374042 0.43374042
43430092 0.43430092
43449279 0.43449279
43455941 0.43455941
43473254 0.43473254
43476566 0.43476566
43483421 0.43483421
43522758 0.43522758
43544014 0.43544014
43545843 0.43545843
43589206 0.43589206
43608858 0.43608858
43622042 0.43622042
43623720 0.4362372
43725947 0.43725947
43865590 0.4386559
43951758 0.43951758
44022689 0.44022689
44044036 0.44044036
44046702 0.44046702
44060919 0.44060919
44069859 0.44069859
44072471 0.44072471
44075684 0.44075684
44100434 0.44100434
44102270 0.4410227
44105610 0.4410561
44113271 0.44113271
44118257 0.44118257
44168442 0.44168442
44184707 0.44184707
44266679 0.44266679
44307402 0.44307402
44355876 0.44355876
44390821 0.44390821
44539571 0.44539571
44584638 0.44584638
44596479 0.44596479
44610644 0.44610644
44615447 0.44615447
44669059 0.44669059
44728310 0.4472831
44824440 0.4482444
44858385 0.44858385
44862306 0.44862306
44883074 0.44883074
44938914 0.44938914
44949918 0.44949918
44985246 0.44985246
45058119 0.45058119
45098377 0.45098377
45117129 0.45117129
45127024 0.45127024
45145143 0.45145143
45147710 0.4514771
45169657 0.45169657
45250488 0.45250488
45280930 0.4528093
45289998 0.45289998
45382076 0.45382076
45382998 0.45382998
45411742 0.45411742
45413247 0.45413247
45450237 0.45450237
45457676 0.45457676
45459737 0.45459737
45463699 0.45463699
45492707 0.45492707
45497470 0.4549747
45517917 0.45517917
45533658 0.45533658
45544616 0.45544616
45562806 0.45562806
45567113 0.45567113
45580558 0.45580558
45589948 0.45589948
45676650 0.4567665
45724875 0.45724875
45728334 0.45728334
45735330 0.4573533
45804591 0.45804591
45804852 0.45804852
45813401 0.45813401
45834175 0.45834175
45865400 0.458654
45900344 0.45900344
45960801 0.45960801
46011514 0.46011514
46036533 0.46036533
46072503 0.46072503
46122244 0.46122244
46204550 0.4620455
46211292 0.46211292
46242468 0.46242468
46263692 0.46263692
46275630 0.4627563
46308249 0.46308249
46323509 0.46323509
46332376 0.46332376
46377607 0.46377607
46390378 0.46390378
46392600 0.463926
46471938 0.46471938
46482801 0.46482801
46487706 0.46487706
46526479 0.46526479
46572228 0.46572228
46617032 0.46617032
46667668 0.46667668
46684751 0.46684751
46705680 0.4670568
46707293 0.46707293
46760711 0.46760711
46784694 0.46784694
46792900 0.467929
46822293 0.46822293
46827669 0.46827669
46860169 0.46860169
46912782 0.46912782
46940592 0.46940592
46950930 0.4695093
46973283 0.46973283
46973405 0.46973405
47007265 0.47007265
47044339 0.47044339
47050410 0.4705041
47119684 0.47119684
47129217 0.47129217
47256848 0.47256848
47379273 0.47379273
47408421 0.47408421
47424328 0.47424328
47471306 0.47471306
47477747 0.47477747
47478080 0.4747808
47513046 0.47513046
47542029 0.47542029
47567153 0.47567153
47570696 0.47570696
47612251 0.47612251
47612990 0.4761299
47678761 0.47678761
47743738 0.47743738
47768239 0.47768239
47769427 0.47769427
47945280 0.4794528
47959533 0.47959533
48032510 0.4803251
48067192 0.48067192
48088974 0.48088974
48109993 0.48109993
48121059 0.48121059
48137090 0.4813709
48190251 0.48190251
48241750 0.4824175
48246974 0.48246974
48253273 0.48253273
48324979 0.48324979
48342242 0.48342242
48343269 0.48343269
48377867 0.48377867
48454995 0.48454995
48457607 0.48457607
48462031 0.48462031
48476488 0.48476488
48479156 0.48479156
48546341 0.48546341
48557910 0.4855791
48558755 0.48558755
48563077 0.48563077
48637226 0.48637226
48694516 0.48694516
48794677 0.48794677
48800853 0.48800853
48811684 0.48811684
48868954 0.48868954
48883614 0.48883614
48952807 0.48952807
48984905 0.48984905
49054341 0.49054341
49075721 0.49075721
49098039 0.49098039
49101680 0.4910168
49168996 0.49168996
49179592 0.49179592
49183995 0.49183995
49229080 0.4922908
49241933 0.49241933
49277083 0.49277083
49286800 0.492868
49316029 0.49316029
49351921 0.49351921
49474722 0.49474722
49478754 0.49478754
49482054 0.49482054
49487873 0.49487873
49510628 0.49510628
49537560 0.4953756
49550530 0.4955053
49582261 0.49582261
49582359 0.49582359
49585396 0.49585396
49655862 0.49655862
49686389 0.49686389
49693921 0.49693921
49713802 0.49713802
49716119 0.49716119
49747952 0.49747952
49799692 0.49799692
49844316 0.49844316
49863923 0.49863923
49953345 0.49953345
50036152 0.50036152
50055345 0.50055345
50062577 0.50062577
50087055 0.50087055
50118610 0.5011861
50121217 0.50121217
50121416 0.50121416
50238944 0.50238944
50251414 0.50251414
50261283 0.50261283
50262360 0.5026236
50305768 0.50305768
50316997 0.50316997
50320775 0.50320775
50387981 0.50387981
50401851 0.50401851
50455729 0.50455729
50511309 0.50511309
50536213 0.50536213
50572319 0.50572319
50573500 0.505735
50605519 0.50605519
50625968 0.50625968
50653407 0.50653407
50656950 0.5065695
50665988 0.50665988
50666204 0.50666204
50715217 0.50715217
50739233 0.50739233
50747050 0.5074705
50748985 0.50748985
50752191 0.50752191
50761243 0.50761243
50825931 0.50825931
50836501 0.50836501
50848831 0.50848831
50917405 0.50917405
50989124 0.50989124
51005774 0.51005774
51009498 0.51009498
51013384 0.51013384
51143436 0.51143436
51153167 0.51153167
51198060 0.5119806
51203171 0.51203171
51231346 0.51231346
51234380 0.5123438
51250074 0.51250074
51252179 0.51252179
51266881 0.51266881
51281731 0.51281731
51288365 0.51288365
51299647 0.51299647
51305129 0.51305129
51314131 0.51314131
51321706 0.51321706
51348927 0.51348927
51351526 0.51351526
51353955 0.51353955
51354791 0.51354791
51385793 0.51385793
51454575 0.51454575
51471694 0.51471694
51501022 0.51501022
51524214 0.51524214
51551476 0.51551476
51576967 0.51576967
51595396 0.51595396
51721911 0.51721911
51837579 0.51837579
51899809 0.51899809
51920246 0.51920246
51941286 0.51941286
51959584 0.51959584
51980000 0.5198
51983317 0.51983317
51984390 0.5198439
52002387 0.52002387
52020919 0.52020919
52025972 0.52025972
52037489 0.52037489
52038223 0.52038223
52042514 0.52042514
52044383 0.52044383
52123468 0.52123468
52167050 0.5216705
52220767 0.52220767
52224758 0.52224758
52258087 0.52258087
52263312 0.52263312
52293561 0.52293561
52368543 0.52368543
52371247 0.52371247
52423980 0.5242398
52460447 0.52460447
52506509 0.52506509
52507494 0.52507494
52511564 0.52511564
52516610 0.5251661
52523540 0.5252354
52616791 0.52616791
52643183 0.52643183
52652011 0.52652011
52680264 0.52680264
52715067 0.52715067
52767297 0.52767297
52770858 0.52770858
52813477 0.52813477
52821339 0.52821339
52836402 0.52836402
52848307 0.52848307
52866318 0.52866318
52871961 0.52871961
52906786 0.52906786
52907630 0.5290763
52913783 0.52913783
52972172 0.52972172
52973269 0.52973269
52986831 0.52986831
53012804 0.53012804
53032335 0.53032335
53113352 0.53113352
53122053 0.53122053
53198201 0.53198201
53230022 0.53230022
53235824 0.53235824
53362583 0.53362583
53375139 0.53375139
53399144 0.53399144
53415343 0.53415343
53418853 0.53418853
53493495 0.53493495
53522202 0.53522202
53529184 0.53529184
53529604 0.53529604
53530560 0.5353056
53551103 0.53551103
53575904 0.53575904
53611607 0.53611607
53647600 0.536476
53658857 0.53658857
53757971 0.53757971
53788636 0.53788636
53789259 0.53789259
53825930 0.5382593
53847425 0.53847425
53855324 0.53855324
53926270 0.5392627
53956000 0.53956
53991950 0.5399195
54025914 0.54025914
54111424 0.54111424
54132873 0.54132873
54190906 0.54190906
54220238 0.54220238
54234357 0.54234357
54238970 0.5423897
54272766 0.54272766
54286777 0.54286777
54294146 0.54294146
54340792 0.54340792
54344867 0.54344867
54414932 0.54414932
54423968 0.54423968
54475760 0.5447576
54490961 0.54490961
54569901 0.54569901
54570709 0.54570709
54629081 0.54629081
54654416 0.54654416
54671561 0.54671561
54679514 0.54679514
54686844 0.54686844
54723396 0.54723396
54748185 0.54748185
54776676 0.54776676
54793077 0.54793077
54798174 0.54798174
54802432 0.54802432
55273841 0.55273841
55275258 0.55275258
55351475 0.55351475
55362250 0.5536225
55384646 0.55384646
55388626 0.55388626
55394416 0.55394416
55401068 0.55401068
55409323 0.55409323
55418478 0.55418478
55429051 0.55429051
55434740 0.5543474
55491325 0.55491325
55636068 0.55636068
55637583 0.55637583
55644678 0.55644678
55650230 0.5565023
55654623 0.55654623
55655954 0.55655954
55661608 0.55661608
55661609 0.55661609
55663094 0.55663094
55676929 0.55676929
55677489 0.55677489
55680626 0.55680626
55711383 0.55711383
55714117 0.55714117
55763558 0.55763558
55826670 0.5582667
55844949 0.55844949
55855114 0.55855114
55878566 0.55878566
55925336 0.55925336
55927565 0.55927565
55929696 0.55929696
55940442 0.55940442
56015410 0.5601541
56112610 0.5611261
56150403 0.56150403
56156710 0.5615671
56170797 0.56170797
56198740 0.5619874
56233022 0.56233022
56249293 0.56249293
56280966 0.56280966
56291620 0.5629162
56299302 0.56299302
56311465 0.56311465
56320014 0.56320014
56324158 0.56324158
56335768 0.56335768
56343634 0.56343634
56357667 0.56357667
56413820 0.5641382
56424231 0.56424231
56444442 0.56444442
56513742 0.56513742
56522681 0.56522681
56583784 0.56583784
56595666 0.56595666
56620332 0.56620332
56622407 0.56622407
56634757 0.56634757
56660918 0.56660918
56723795 0.56723795
56748190 0.5674819
56753022 0.56753022
56788544 0.56788544
56803577 0.56803577
56865154 0.56865154
56881646 0.56881646
56938495 0.56938495
56940463 0.56940463
56961192 0.56961192
56969660 0.5696966
56997890 0.5699789
57003676 0.57003676
57005356 0.57005356
57005391 0.57005391
57008140 0.5700814
57009742 0.57009742
57054971 0.57054971
57081496 0.57081496
57102249 0.57102249
57103358 0.57103358
57133597 0.57133597
57138469 0.57138469
57142922 0.57142922
57181973 0.57181973
57189288 0.57189288
57197143 0.57197143
57265800 0.572658
57342044 0.57342044
57343321 0.57343321
57380039 0.57380039
57382715 0.57382715
57392482 0.57392482
57543550 0.5754355
57620267 0.57620267
57641018 0.57641018
57648880 0.5764888
57699973 0.57699973
57715283 0.57715283
57717011 0.57717011
57718718 0.57718718
57733301 0.57733301
57754592 0.57754592
57757885 0.57757885
57767020 0.5776702
57800708 0.57800708
57932966 0.57932966
57987095 0.57987095
58030203 0.58030203
58034332 0.58034332
58068591 0.58068591
58135607 0.58135607
58147278 0.58147278
58152051 0.58152051
58178417 0.58178417
58202523 0.58202523
58222334 0.58222334
58245279 0.58245279
58251367 0.58251367
58275811 0.58275811
58298944 0.58298944
58331051 0.58331051
58340298 0.58340298
58357592 0.58357592
58376858 0.58376858
58385607 0.58385607
58425640 0.5842564
58483697 0.58483697
58564210 0.5856421
58588655 0.58588655
58600228 0.58600228
58617919 0.58617919
58631236 0.58631236
58663793 0.58663793
58743630 0.5874363
58762130 0.5876213
58763664 0.58763664
58769584 0.58769584
58792958 0.58792958
58857951 0.58857951
58863566 0.58863566
58916861 0.58916861
58924374 0.58924374
58945404 0.58945404
58963641 0.58963641
58984195 0.58984195
59053628 0.59053628
59057764 0.59057764
59079822 0.59079822
59084744 0.59084744
59114465 0.59114465
59115398 0.59115398
59151925 0.59151925
59171665 0.59171665
59182381 0.59182381
59184339 0.59184339
59204063 0.59204063
59205213 0.59205213
59207601 0.59207601
59235088 0.59235088
59251740 0.5925174
59255591 0.59255591
59258011 0.59258011
59261362 0.59261362
59264930 0.5926493
59526060 0.5952606
59579574 0.59579574
59609489 0.59609489
59612483 0.59612483
59614279 0.59614279
59627845 0.59627845
59689867 0.59689867
59757008 0.59757008
59770732 0.59770732
59770758 0.59770758
59806364 0.59806364
59825192 0.59825192
59829323 0.59829323
59852994 0.59852994
59869519 0.59869519
59892539 0.59892539
59994321 0.59994321
59999437 0.59999437
