3
4
7
8
9
15
18
19
24
28
30
36
41
44
45
46
47
48
50
54
60
61
64
66
70
72
73
74
76
77
78
89
90
97
99
105
106
113
114
118
122
126
127
130
133
135
136
137
139
143
151
152
155
158
159
162
163
171
176
177
179
181
183
188
189
191
196
198
200
201
205
209
211
215
217
218
219
220
222
223
224
226
228
231
233
236
237
239
240
244
245
246
247
248
251
253
260
270
271
272
275
279
283
286
287
288
294
295
299
300
301
304
306
308
309
318
321
323
328
332
335
336
337
346
351
358
361
368
370
373
374
378
380
382
384
385
386
388
390
391
400
404
405
409
410
413
415
417
420
421
429
430
432
433
438
443
448
451
452
453
455
456
467
471
472
474
476
480
496
504
505
506
508
515
516
519
523
536
538
541
542
555
556
557
563
572
574
575
576
577
578
584
588
593
595
597
600
601
604
605
611
612
613
616
619
620
625
626
631
633
634
638
640
641
643
649
650
651
652
653
657
658
659
670
675
679
688
698
707
708
710
713
718
723
728
729
733
735
738
739
741
744
748
749
750
752
753
754
755
756
759
760
761
762
765
766
770
775
776
778
783
791
792
797
800
801
806
807
808
810
814
815
816
818
822
825
827
828
831
837
838
846
847
849
851
855
857
864
865
866
868
869
878
882
884
885
887
888
890
894
896
903
911
913
923
924
930
932
935
941
944
945
948
949
962
964
965
968
973
975
983
985
988
989
992
994
996
1000
1001
1003
1004
1007
1010
1012
1018
1026
1031
1033
1037
1038
1045
1047
1048
1055
1057
1059
1066
1070
1071
1074
1077
1080
1086
1094
1096
1102
1104
1108
1113
1115
1116
1120
1122
1125
1126
1129
1131
1135
1136
1138
1139
1143
1150
1151
1156
1158
1166
1167
1168
1172
1174
1181
1182
1184
1186
1189
1193
1197
1198
1199
1200
1203
1213
1221
1222
1226
1232
1233
1234
1236
1239
1241
1242
1248
1249
1251
1260
1262
1263
1269
1277
1278
1281
1285
1287
1293
1294
1297
1302
1305
1306
1308
1310
1311
1312
1314
1316
1319
1325
1326
1327
1339
1340
1341
1344
1347
1355
1359
1361
1365
1366
1368
1369
1372
1376
1377
1381
1382
1388
1389
1390
1391
1392
1395
1396
1397
1399
1402
1404
1407
1415
1419
1420
1423
1424
1425
1429
1431
1434
1443
1444
1445
1449
1458
1460
1462
1464
1467
1470
1472
1473
1478
1480
1483
1484
1486
1494
1496
1498
1502
1503
1504
1506
1509
1511
1512
1514
1516
1517
1518
1521
1524
1527
1528
1529
1532
1534
1538
1543
1546
1549
1550
1555
1556
1561
1566
1578
1579
1583
1593
1595
1598
1600
1604
1605
1609
1610
1617
1620
1631
1632
1633
1637
1640
1641
1646
1651
1658
1661
1664
1665
1667
1671
1672
1674
1680
1682
1683
1686
1687
1691
1694
1696
1702
1703
1711
1712
1716
1728
1732
1738
1739
1741
1744
1746
1747
1750
1753
1757
1760
1762
1774
1775
1776
1777
1779
1782
1783
1787
1791
1792
1793
1798
1799
1800
1802
1803
1805
1807
1809
1811
1813
1815
1818
1819
1829
1830
1832
1836
1840
1844
1845
1847
1848
1849
1853
1854
1857
1861
1866
1867
1869
1870
1871
1872
1877
1881
1883
1886
1895
1898
1900
1901
1909
1910
1911
1919
1921
1923
1924
1930
1933
1934
1935
1944
1949
1950
1952
1956
1968
1969
1972
1996
1998
2001
2002
2005
2006
2008
2013
2019
2020
2023
2033
2034
2035
2038
2040
2045
2046
2048
2056
2061
2068
2070
2072
2076
2077
2078
2079
2081
2091
2092
2095
2096
2100
2101
2102
2103
2105
2107
2108
2109
2110
2116
2118
2120
2133
2134
2135
2145
2148
2154
2155
2159
2162
2163
2165
2167
2175
2178
2182
2184
2185
2188
2190
2196
2199
2209
2210
2212
2214
2215
2216
2221
2223
2224
2225
2227
2230
2244
2247
2248
2256
2257
2259
2266
2267
2269
2272
2274
2277
2284
2287
2290
2292
2301
2302
2306
2308
2318
2319
2322
2324
2327
2329
2331
2337
2339
2342
2345
2346
2347
2349
2350
2351
2353
2355
2356
2357
2358
2360
2363
2365
2367
2370
2376
2379
2380
2381
2383
2385
2386
2389
2390
2397
2403
2404
2421
2425
2427
2430
2435
2436
2438
2444
2448
2451
2452
2458
2461
2471
2472
2483
2484
2486
2487
2488
2492
2495
2507
2517
2525
2526
2529
2532
2536
2537
2540
2550
2552
2553
2554
2556
2559
2562
2563
2568
2570
2571
2574
2575
2579
2584
2586
2587
2589
2590
2591
2592
2593
2595
2597
2599
2602
2603
2604
2605
2609
2610
2614
2616
2618
2621
2624
2625
2630
2633
2636
2643
2653
2654
2659
2661
2662
2669
2677
2679
2680
2686
2689
2690
2697
2698
2699
2700
2703
2707
2708
2709
2713
2714
2717
2720
2724
2726
2730
2734
2738
2739
2743
2748
2749
2751
2753
2757
2761
2762
2763
2764
2769
2770
2774
2775
2777
2778
2780
2784
2791
2792
2797
2800
2802
2803
2804
2808
2809
2811
2813
2821
2822
2824
2829
2832
2833
2835
2838
2842
2845
2849
2850
2851
2854
2858
2859
2861
2863
2864
2868
2869
2871
2877
2879
2880
2881
2886
2890
2891
2892
2893
2896
2897
2903
2908
2910
2913
2916
2917
2921
2928
2931
2936
2944
2949
2951
2955
2960
2961
2962
2964
2968
2969
2970
2976
2977
2981
2982
2985
2989
2990
2991
2992
2997
2999
3004
3009
3010
3016
3024
3026
3027
3030
3031
3032
3034
3039
3042
3043
3044
3050
3052
3055
3058
3072
3074
3078
3080
3082
3086
3087
3088
3089
3090
3091
3094
3095
3102
3105
3107
3108
3109
3118
3121
3125
3127
3137
3148
3149
3150
3155
3156
3157
3158
3167
3174
3177
3179
3180
3186
3191
3196
3197
3199
3201
3202
3205
3206
3208
3210
3212
3213
3220
3227
3228
3230
3231
3235
3243
3245
3246
3249
3252
3253
3256
3267
3271
3274
3280
3285
3287
3294
3300
3302
3305
3306
3308
3309
3310
3312
3314
3315
3318
3319
3320
3324
3325
3337
3338
3341
3343
3346
3350
3351
3352
3354
3360
3362
3364
3365
3370
3373
3374
3380
3383
3385
3391
3396
3399
3401
3402
3405
3410
3412
3415
3416
3418
3420
3432
3434
3445
3446
3451
3452
3453
3457
3458
3465
3469
3477
3478
3495
3499
3502
3503
3506
3514
3515
3517
3523
3525
3527
3528
3530
3532
3537
3546
3547
3549
3551
3552
3554
3555
3559
3563
3570
3571
3574
3575
3580
3582
3584
3587
3588
3590
3600
3603
3604
3607
3608
3609
3611
3614
3615
3617
3623
3627
3630
3635
3636
3637
3638
3639
3640
3645
3653
3654
3657
3663
3676
3677
3678
3679
3683
3684
3689
3691
3695
3697
3700
3704
3706
3707
3709
3716
3718
3720
3721
3724
3725
3732
3733
3734
3735
3736
3744
3745
3747
3750
3754
3755
3756
3757
3759
3760
3761
3762
3764
3769
3775
3776
3785
3789
3793
3794
3798
3801
3802
3811
3812
3813
3816
3817
3820
3821
3829
3831
3833
3836
3837
3838
3848
3851
3854
3859
3861
3864
3865
3867
3870
3872
3879
3881
3883
3885
3888
3890
3895
3898
3900
3909
3910
3911
3915
3916
3917
3932
3934
3942
3946
3951
3954
3962
3969
3973
3975
3983
3984
3988
3993
3994
4008
4009
4010
4012
4018
4020
4021
4025
4028
4029
4031
4032
4033
4035
4039
4042
4059
4064
4065
4066
4069
4070
4078
4081
4083
4085
4089
4094
4097
4102
4103
4104
4107
4108
4112
4117
4124
4126
4127
4129
4160
4170
4171
4179
4180
4181
4189
4191
4194
4198
4199
4205
4208
4211
4216
4219
4221
4222
4227
4228
4231
4232
4233
4234
4241
4243
4255
4259
4265
4271
4274
4275
4277
4278
4280
4284
4287
4298
4303
4308
4309
4314
4316
4319
4321
4322
4328
4334
4337
4342
4344
4345
4346
4347
4352
4358
4359
4363
4366
4367
4368
4369
4370
4373
4377
4379
4381
4382
4383
4384
4385
4389
4395
4396
4399
4401
4406
4412
4415
4417
4418
4422
4424
4432
4433
4437
4443
4458
4465
4470
4473
4480
4490
4504
4505
4510
4511
4513
4515
4519
4529
4533
4537
4542
4546
4550
4551
4553
4555
4560
4565
4566
4570
4574
4582
4585
4586
4588
4590
4594
4597
4599
4607
4608
4615
4617
4619
4624
4625
4626
4629
4630
4631
4632
4634
4635
4637
4650
4651
4652
4655
4659
4663
4667
4671
4672
4673
4675
4676
4678
4679
4689
4692
4696
4697
4698
4701
4706
4707
4710
4713
4716
4717
4719
4722
4724
4727
4729
4731
4733
4734
4736
4742
4749
4754
4756
4758
4760
4763
4768
4770
4773
4775
4776
4779
4783
4784
4785
4788
4790
4791
4792
4796
4799
4801
4802
4807
4808
4809
4812
4813
4814
4821
4823
4825
4826
4833
4838
4843
4845
4846
4847
4849
4858
4860
4861
4863
4865
4868
4871
4872
4877
4878
4880
4887
4891
4893
4894
4895
4897
4900
4904
4906
4909
4919
4924
4929
4930
4933
4935
4937
4940
4943
4946
4947
4948
4950
4953
4954
4963
4965
4968
4971
4973
4987
4988
5001
5007
5014
5016
5019
5020
5021
5024
5025
5029
5031
5033
5035
5036
5039
5044
5045
5047
5048
5049
5063
5072
5080
5084
5085
5086
5087
5089
5094
5096
5097
5098
5100
5102
5104
5106
5110
5111
5113
5115
5117
5127
5130
5131
5142
5144
5146
5153
5155
5160
5161
5162
5164
5166
5169
5171
5174
5178
5181
5183
5184
5185
5189
5196
5197
5201
5202
5207
5209
5211
5216
5217
5220
5221
5224
5226
5233
5236
5238
5242
5243
5247
5250
5251
5252
5255
5257
5259
5264
5265
5268
5272
5277
5278
5279
5280
5281
5288
5289
5290
5293
5294
5295
5299
5300
5310
5312
5314
5318
5320
5327
5328
5335
5341
5345
5349
5350
5353
5355
5361
5365
5366
5367
5371
5377
5381
5384
5386
5389
5390
5392
5397
5403
5406
5410
5412
5415
5417
5427
5431
5436
5441
5444
5447
5448
5452
5461
5464
5475
5476
5478
5486
5487
5495
5498
5507
5510
5511
5518
5522
5523
5525
5527
5533
5535
5540
5545
5549
5550
5556
5561
5562
5563
5568
5571
5572
5573
5576
5580
5588
5590
5595
5597
5604
5606
5607
5611
5613
5614
5617
5621
5625
5628
5631
5638
5639
5643
5644
5648
5654
5659
5660
5665
5667
5668
5669
5672
5673
5676
5678
5680
5682
5684
5690
5693
5694
5702
5703
5704
5705
5706
5721
5726
5733
5735
5737
5742
5743
5744
5747
5751
5753
5755
5757
5758
5760
5764
5768
5769
5774
5778
5783
5784
5787
5788
5795
5797
5799
5802
5803
5809
5811
5812
5816
5818
5819
5820
5827
5828
5831
5832
5835
5841
5848
5852
5853
5856
5860
5862
5864
5866
5869
5872
5873
5875
5876
5878
5879
5880
5881
5890
5893
5894
5896
5900
5901
5902
5906
5908
5910
5912
5913
5914
5917
5918
5922
5925
5927
5933
5935
5938
5940
5942
5948
5950
5956
5962
5963
5966
5967
5968
5970
5973
5974
5977
5978
5982
5985
5989
5991
5993
5994
5995
6001
6003
6004
6008
6010
6011
6012
6019
6021
6022
6027
6033
6034
6036
6037
6038
6041
6044
6046
6050
6052
6053
6054
6056
6059
6060
6063
6068
6072
6073
6078
6081
6082
6083
6090
6097
6104
6105
6107
6108
6110
6115
6122
6123
6129
6131
6133
6135
6141
6148
6156
6157
6159
6162
6163
6165
6169
6172
6173
6177
6178
6183
6185
6189
6192
6193
6195
6198
6199
6205
6207
6209
6214
6216
6217
6220
6222
6223
6224
6230
6231
6232
6233
6234
6239
6243
6247
6253
6255
6256
6261
6262
6264
6266
6267
6273
6274
6276
6278
6283
6287
6289
6295
6299
6300
6301
6305
6306
6308
6309
6315
6318
6322
6327
6329
6330
6333
6334
6336
6339
6348
6349
6366
6367
6369
6372
6374
6376
6379
6382
6384
6393
6403
6406
6410
6420
6423
6427
6430
6435
6437
6440
6444
6445
6446
6448
6452
6456
6458
6459
6460
6463
6464
6465
6467
6468
6469
6473
6476
6477
6485
6486
6494
6495
6497
6498
6500
6501
6503
6504
6514
6515
6516
6518
6521
6532
6535
6537
6539
6543
6549
6552
6555
6557
6558
6560
6561
6570
6571
6572
6577
6578
6581
6583
6585
6588
6595
6596
6597
6598
6600
6603
6605
6608
6614
6615
6619
6621
6626
6627
6633
6637
6652
6653
6655
6660
6661
6665
6671
6672
6675
6676
6679
6681
6689
6693
6694
6695
6697
6701
6703
6706
6707
6709
6715
6718
6722
6729
6733
6740
6741
6744
6747
6753
6763
6764
6765
6769
6770
6774
6775
6776
6780
6781
6792
6793
6798
6807
6809
6810
6811
6812
6813
6824
6826
6828
6830
6831
6834
6838
6839
6842
6844
6845
6846
6858
6859
6862
6865
6867
6869
6871
6872
6874
6875
6876
6882
6889
6894
6895
6896
6901
6904
6906
6919
6924
6927
6934
6937
6938
6939
6940
6942
6945
6947
6950
6953
6963
6971
6972
6973
6978
6980
6981
6982
6985
6989
6992
6996
6999
7001
7005
7008
7009
7015
7018
7020
7022
7024
7025
7028
7031
7035
7036
7039
7040
7044
7045
7047
7050
7051
7052
7064
7065
7068
7070
7072
7073
7076
7077
7081
7083
7084
7085
7088
7089
7090
7096
7097
7098
7102
7105
7106
7111
7112
7116
7117
7120
7121
7123
7126
7128
7137
7143
7147
7156
7157
7160
7161
7165
7167
7169
7171
7174
7175
7180
7185
7186
7194
7196
7198
7201
7202
7204
7206
7209
7210
7217
7220
7223
7224
7229
7232
7233
7234
7235
7238
7240
7248
7249
7256
7257
7260
7265
7266
7267
7268
7270
7271
7272
7275
7280
7282
7283
7284
7290
7291
7294
7295
7297
7298
7300
7306
7307
7310
7318
7319
7322
7326
7329
7333
7339
7340
7344
7345
7349
7352
7356
7362
7371
7375
7376
7379
7388
7390
7392
7393
7398
7401
7407
7413
7414
7416
7420
7421
7422
7425
7426
7428
7435
7437
7438
7440
7445
7449
7451
7456
7457
7461
7463
7465
7466
7468
7471
7472
7477
7479
7481
7486
7493
7504
7505
7508
7511
7512
7522
7525
7527
7537
7541
7542
7548
7559
7560
7571
7572
7577
7578
7579
7580
7584
7587
7588
7590
7591
7592
7595
7596
7597
7598
7603
7607
7617
7619
7620
7627
7629
7638
7639
7640
7642
7646
7649
7655
7675
7676
7677
7678
7684
7686
7693
7700
7706
7707
7711
7715
7716
7720
7721
7723
7726
7729
7731
7732
7737
7743
7745
7748
7749
7753
7758
7759
7766
7767
7773
7774
7783
7785
7787
7789
7796
7799
7802
7803
7804
7808
7813
7815
7818
7819
7823
7825
7831
7832
7833
7838
7839
7843
7846
7849
7852
7853
7854
7857
7858
7864
7868
7871
7877
7879
7880
7881
7886
7887
7890
7896
7900
7901
7903
7905
7915
7926
7932
7934
7941
7942
7946
7948
7949
7957
7960
7963
7964
7966
7968
7972
7973
7974
7975
7977
7978
7981
7984
7985
7986
7989
7996
8001
8002
8004
8005
8009
8011
8014
8020
8022
8031
8037
8039
8050
8051
8057
8059
8061
8064
8066
8067
8069
8070
8072
8076
8077
8078
8079
8080
8082
8084
8086
8092
8097
8099
8104
8107
8108
8110
8114
8117
8119
8125
8127
8133
8137
8138
8145
8146
8148
8157
8159
8160
8163
8164
8171
8172
8173
8175
8177
8182
8188
8191
8194
8197
8198
8200
8202
8213
8214
8215
8216
8231
8232
8238
8239
8241
8245
8254
8256
8265
8271
8272
8273
8276
8283
8285
8286
8290
8291
8292
8297
8299
8300
8301
8302
8303
8305
8308
8313
8314
8315
8317
8320
8322
8328
8332
8333
8336
8339
8340
8342
8346
8348
8355
8358
8359
8360
8361
8362
8365
8369
8373
8377
8379
8390
8393
8394
8399
8401
8404
8406
8407
8413
8414
8416
8420
8426
8427
8429
8430
8432
8433
8437
8438
8440
8441
8445
8447
8448
8458
8459
8461
8462
8464
8471
8480
8482
8487
8488
8489
8491
8494
8505
8507
8510
8513
8514
8524
8525
8526
8532
8533
8539
8542
8544
8545
8550
8552
8553
8557
8559
8560
8564
8565
8567
8568
8570
8571
8573
8579
8580
8582
8583
8584
8585
8586
8589
8604
8605
8609
8611
8613
8616
8618
8621
8627
8630
8636
8638
8639
8641
8644
8645
8649
8651
8654
8663
8667
8678
8680
8682
8683
8684
8689
8690
8691
8692
8694
8697
8698
8701
8706
8708
8710
8712
8725
8726
8728
8732
8735
8736
8738
8739
8740
8741
8743
8746
8748
8749
8750
8751
8752
8755
8757
8758
8763
8776
8779
8784
8785
8790
8791
8792
8793
8800
8804
8806
8807
8808
8810
8815
8821
8825
8830
8831
8832
8833
8835
8837
8839
8840
8848
8849
8850
8851
8853
8854
8858
8863
8868
8873
8875
8876
8879
8882
8883
8885
8888
8898
8907
8910
8911
8915
8917
8918
8922
8925
8927
8929
8932
8939
8942
8947
8948
8949
8950
8951
8953
8958
8965
8966
8967
8969
8973
8987
8990
8991
8992
8996
9001
9002
9008
9009
9010
9011
9020
9027
9028
9030
9032
9039
9041
9042
9048
9052
9054
9055
9061
9068
9069
9078
9081
9083
9085
9090
9092
9093
9095
9103
9104
9116
9123
9127
9132
9134
9137
9140
9143
9146
9147
9151
9153
9154
9156
9157
9160
9169
9177
9183
9193
9195
9198
9202
9204
9205
9206
9211
9212
9213
9214
9218
9219
9225
9228
9229
9233
9235
9237
9238
9239
9242
9248
9257
9258
9259
9263
9268
9269
9270
9272
9276
9282
9286
9289
9291
9295
9300
9301
9304
9311
9320
9321
9323
9325
9326
9335
9337
9341
9344
9349
9353
9354
9356
9357
9360
9363
9366
9376
9377
9381
9382
9383
9384
9386
9388
9392
9403
9407
9410
9411
9413
9414
9416
9417
9420
9421
9426
9430
9431
9459
9460
9463
9469
9471
9473
9482
9483
9484
9486
9491
9493
9496
9500
9504
9509
9511
9513
9518
9519
9530
9532
9536
9537
9539
9543
9551
9557
9560
9561
9562
9563
9568
9569
9571
9574
9576
9579
9585
9586
9587
9588
9590
9602
9603
9605
9609
9612
9616
9617
9618
9619
9620
9622
9625
9628
9631
9632
9642
9645
9649
9652
9653
9656
9657
9658
9664
9665
9667
9670
9673
9674
9677
9681
9684
9685
9687
9689
9695
9699
9703
9704
9705
9708
9710
9712
9714
9717
9723
9725
9733
9740
9744
9752
9755
9758
9761
9769
9771
9777
9780
9781
9786
9789
9792
9800
9803
9810
9817
9819
9827
9830
9832
9834
9837
9838
9839
9843
9844
9845
9852
9854
9859
9862
9866
9869
9870
9871
9872
9875
9877
9881
9887
9889
9890
9892
9896
9898
9904
9906
9909
9910
9912
9914
9924
9926
9934
9938
9939
9941
9943
9944
9945
9951
9953
9956
9957
9960
9961
9962
9964
9966
9967
9971
9972
9973
9975
9981
9986
9987
9993
9994
9999
10002
10004
10006
10008
10010
10011
10016
10020
10022
10024
10025
10026
10030
10031
10033
10034
10035
10038
10043
10047
10049
10051
10063
10064
10068
10069
10071
10077
10078
10079
10083
10084
10089
10090
10092
10096
10103
10106
10109
10110
10111
10112
10115
10118
10120
10121
10122
10126
10127
10128
10129
10133
10138
10143
10145
10149
10152
10159
10169
10171
10172
10176
10187
10188
10195
10199
10204
10207
10209
10211
10212
10214
10215
10222
10237
10239
10244
10245
10246
10248
10254
10256
10259
10263
10264
10269
10271
10273
10275
10277
10281
10284
10287
10289
10290
10297
10298
10299
10301
10303
10304
10306
10307
10311
10314
10316
10318
10319
10320
10322
10324
10330
10331
10332
10334
10335
10336
10337
10339
10341
10343
10351
10353
10357
10359
10360
10361
10363
10365
10366
10372
10377
10380
10381
10383
10386
10387
10398
10400
10401
10406
10407
10411
10412
10417
10420
10423
10427
10429
10433
10437
10442
10444
10455
10457
10462
10470
10475
10478
10484
10493
10494
10497
10498
10503
10504
10508
10513
10514
10518
10522
10527
10529
10533
10535
10536
10537
10539
10540
10542
10543
10547
10551
10555
10557
10558
10560
10563
10564
10565
10567
10576
10579
10581
10586
10588
10593
10594
10595
10596
10600
10602
10606
10610
10613
10614
10615
10616
10623
10624
10626
10630
10633
10634
10635
10636
10638
10639
10642
10649
10654
10659
10667
10669
10671
10674
10678
10682
10683
10687
10688
10691
10693
10696
10698
10701
10705
10707
10708
10711
10716
10721
10723
10732
10733
10735
10739
10740
10745
10748
10754
10763
10764
10767
10768
10769
10770
10772
10774
10775
10781
10784
10787
10788
10790
10791
10793
10794
10796
10798
10802
10807
10812
10813
10814
10815
10817
10820
10827
10829
10833
10835
10836
10837
10848
10852
10855
10856
10859
10862
10869
10870
10872
10873
10876
10880
10883
10884
10890
10892
10893
10898
10899
10903
10907
10910
10914
10918
10921
10929
10930
10931
10932
10933
10938
10941
10945
10946
10947
10953
10954
10957
10959
10962
10965
10971
10972
10975
10976
10987
10989
10996
10999
11000
11003
11004
11005
11006
11007
11008
11010
11011
11014
11019
11024
11026
11028
11032
11041
11043
11044
11048
11049
11051
11053
11054
11058
11065
11066
11069
11076
11081
11082
11091
11098
11104
11105
11108
11110
11111
11117
11118
11126
11127
11128
11132
11135
11140
11141
11142
11146
11151
11153
11155
11156
11159
11160
11164
11165
11166
11167
11172
11174
11175
11181
11182
11184
11187
11191
11192
11199
11205
11210
11211
11213
11214
11216
11228
11235
11238
11239
11240
11245
11251
11255
11258
11259
11260
11262
11264
11274
11280
11281
11284
11285
11288
11289
11291
11300
11301
11303
11306
11307
11309
11310
11311
11317
11318
11319
11323
11324
11329
11331
11334
11336
11346
11348
11352
11354
11355
11357
11358
11360
11364
11369
11373
11379
11386
11388
11389
11397
11402
11406
11407
11411
11412
11415
11418
11422
11429
11431
11435
11446
11449
11451
11452
11459
11460
11464
11465
11472
11473
11479
11480
11483
11485
11487
11490
11493
11498
11507
11512
11514
11517
11527
11528
11532
11535
11538
11541
11543
11545
11548
11549
11552
11555
11558
11560
11561
11562
11564
11566
11568
11571
11574
11575
11576
11577
11578
11582
11584
11589
11592
11593
11594
11597
11598
11600
11603
11610
11613
11619
11621
11622
11628
11631
11633
11635
11640
11644
11646
11647
11648
11653
11660
11662
11666
11671
11675
11676
11677
11679
11682
11683
11684
11686
11688
11697
11698
11701
11704
11708
11709
11711
11713
11716
11718
11722
11723
11724
11725
11728
11729
11744
11748
11749
11750
11753
11754
11755
11757
11760
11763
11765
11767
11768
11774
11778
11780
11781
11786
11788
11791
11792
11794
11796
11797
11802
11803
11805
11820
11821
11823
11824
11832
11834
11836
11837
11840
11841
11848
11854
11855
11858
11859
11862
11871
11873
11874
11875
11880
11884
11885
11889
11891
11894
11896
11897
11898
11899
11901
11903
11906
11908
11909
11911
11919
11921
11925
11938
11939
11940
11941
11943
11945
11947
11950
11951
11956
11958
11961
11962
11963
11965
11975
11976
11977
11978
11979
11984
11986
11987
11989
11990
11992
11998
12022
12027
12034
12042
12048
12050
12052
12053
12054
12059
12060
12064
12068
12069
12072
12074
12078
12081
12092
12094
12095
12096
12102
12103
12110
12115
12121
12125
12130
12132
12133
12138
12140
12142
12147
12148
12150
12156
12157
12160
12161
12162
12168
12174
12180
12182
12183
12185
12193
12194
12199
12200
12202
12204
12210
12211
12218
12220
12224
12232
12234
12235
12236
12244
12246
12252
12253
12259
12260
12261
12266
12267
12268
12272
12277
12280
12283
12285
12288
12293
12298
12300
12302
12303
12304
12306
12307
12309
12312
12319
12320
12329
12332
12337
12338
12342
12343
12346
12348
12355
12359
12360
12369
12371
12377
12378
12382
12384
12386
12389
12395
12399
12400
12403
12404
12406
12408
12410
12412
12413
12418
12419
12421
12423
12427
12430
12431
12434
12436
12438
12440
12442
12446
12447
12455
12457
12459
12461
12468
12475
12477
12479
12480
12481
12483
12484
12486
12487
12490
12491
12495
12498
12504
12505
12506
12507
12508
12510
12511
12513
12515
12519
12535
12537
12539
12540
12541
12543
12545
12550
12553
12555
12558
12559
12564
12565
12566
12567
12568
12570
12572
12576
12577
12585
12586
12593
12594
12600
12604
12614
12620
12623
12625
12633
12635
12636
12637
12639
12648
12652
12653
12659
12665
12666
12670
12672
12679
12683
12688
12689
12690
12691
12692
12694
12695
12699
12700
12701
12703
12704
12705
12713
12715
12718
12719
12720
12724
12725
12730
12733
12737
12739
12740
12741
12742
12746
12747
12753
12754
12756
12761
12763
12764
12766
12777
12779
12783
12786
12787
12788
12790
12791
12793
12794
12796
12798
12804
12807
12809
12814
12818
12823
12833
12836
12842
12844
12846
12847
12850
12852
12855
12857
12861
12862
12865
12866
12868
12869
12872
12873
12875
12876
12880
12891
12892
12893
12897
12900
12901
12903
12904
12906
12908
12910
12911
12912
12913
12918
12920
12927
12932
12936
12942
12947
12954
12956
12958
12960
12967
12969
12971
12975
12991
12992
12996
12997
13003
13006
13010
13019
13021
13028
13030
13034
13037
13038
13039
13041
13043
13044
13048
13049
13051
13053
13059
13061
13063
13070
13072
13076
13078
13080
13081
13084
13085
13087
13093
13096
13104
13106
13109
13113
13114
13118
13120
13123
13124
13135
13138
13140
13143
13146
13147
13153
13157
13166
13168
13169
13172
13173
13175
13179
13183
13186
13188
13189
13191
13196
13198
13200
13202
13205
13211
13214
13215
13217
13228
13232
13238
13239
13242
13245
13248
13252
13253
13258
13259
13265
13268
13269
13270
13271
13273
13275
13288
13290
13291
13292
13295
13298
13304
13307
13314
13318
13327
13329
13334
13339
13341
13343
13349
13352
13356
13358
13360
13361
13362
13364
13366
13368
13371
13377
13378
13381
13394
13401
13403
13404
13408
13409
13412
13418
13419
13422
13423
13426
13433
13434
13437
13441
13443
13448
13451
13452
13454
13455
13456
13458
13461
13464
13470
13474
13475
13477
13478
13481
13484
13490
13492
13495
13503
13505
13515
13518
13522
13528
13531
13533
13541
13550
13559
13561
13569
13576
13578
13581
13583
13584
13586
13587
13588
13589
13591
13599
13600
13601
13605
13608
13611
13613
13616
13617
13619
13627
13629
13630
13634
13635
13636
13638
13641
13642
13648
13649
13656
13661
13667
13669
13670
13679
13682
13688
13690
13693
13698
13699
13700
13701
13702
13704
13708
13709
13710
13716
13717
13720
13722
13729
13734
13741
13746
13752
13755
13756
13760
13764
13766
13767
13768
13772
13773
13777
13778
13779
13781
13783
13797
13799
13800
13802
13803
13804
13805
13811
13817
13822
13823
13825
13826
13837
13838
13839
13843
13844
13848
13851
13854
13855
13860
13861
13869
13870
13874
13878
13879
13883
13885
13887
13890
13896
13899
13901
13902
13903
13921
13925
13930
13936
13943
13944
13945
13950
13952
13958
13961
13965
13966
13968
13969
13971
13972
13979
13989
13990
13991
13992
13993
13994
14003
14004
14005
14010
14014
14016
14017
14021
14025
14026
14031
14032
14035
14038
14040
14041
14044
14048
14049
14052
14054
14057
14059
14064
14069
14071
14073
14077
14079
14083
14087
14095
14096
14100
14102
14104
14105
14108
14112
14113
14120
14126
14131
14135
14137
14148
14150
14154
14158
14161
14162
14164
14165
14167
14170
14175
14177
14179
14181
14182
14184
14185
14191
14193
14200
14202
14203
14206
14209
14211
14214
14215
14216
14222
14228
14230
14231
14232
14239
14242
14243
14248
14250
14256
14258
14268
14269
14273
14274
14277
14278
14280
14282
14285
14286
14294
14296
14303
14306
14315
14320
14321
14323
14324
14326
14328
14334
14336
14341
14342
14343
14345
14347
14349
14350
14351
14353
14356
14361
14364
14368
14370
14373
14379
14382
14385
14386
14397
14402
14407
14408
14409
14410
14414
14420
14423
14431
14433
14445
14447
14449
14450
14453
14454
14456
14464
14465
14468
14469
14473
14474
14477
14478
14479
14480
14483
14497
14505
14515
14521
14526
14527
14528
14530
14531
14532
14533
14534
14535
14539
14543
14545
14546
14550
14553
14560
14566
14567
14568
14572
14574
14575
14577
14578
14580
14581
14587
14595
14599
14601
14602
14603
14604
14606
14611
14612
14613
14615
14616
14619
14623
14628
14633
14634
14638
14645
14648
14651
14659
14660
14662
14663
14667
14670
14678
14685
14688
14700
14704
14707
14710
14714
14717
14727
14728
14730
14732
14735
14736
14740
14747
14748
14751
14753
14756
14762
14763
14765
14766
14769
14770
14773
14775
14780
14782
14783
14787
14789
14792
14793
14794
14795
14796
14800
14810
14811
14814
14816
14821
14826
14827
14828
14830
14831
14832
14836
14838
14845
14850
14851
14852
14853
14855
14856
14857
14863
14864
14865
14866
14870
14877
14879
14880
14882
14886
14888
14890
14893
14899
14903
14909
14910
14911
14917
14918
14919
14922
14924
14928
14931
14933
14934
14936
14937
14939
14942
14944
14945
14946
14947
14948
14949
14951
14955
14957
14967
14968
14970
14972
14973
14975
14986
14988
14990
14991
14994
14996
14999
15016
15022
15023
15026
15028
15029
15030
15031
15034
15035
15036
15042
15043
15050
15051
15052
15053
15056
15057
15063
15065
15067
15068
15069
15070
15071
15073
15079
15080
15081
15085
15086
15092
15094
15101
15112
15118
15125
15126
15129
15132
15138
15140
15142
15143
15150
15155
15158
15160
15161
15165
15168
15171
15173
15176
15181
15184
15187
15188
15190
15192
15193
15204
15205
15206
15212
15214
15215
15219
15221
15222
15227
15229
15232
15233
15238
15239
15242
15244
15246
15248
15251
15260
15261
15271
15276
15278
15284
15289
15291
15303
15305
15306
15307
15310
15313
15314
15317
15318
15319
15323
15327
15328
15329
15340
15341
15344
15346
15347
15349
15350
15356
15358
15360
15361
15364
15365
15368
15372
15379
15385
15387
15390
15391
15396
15397
15398
15400
15401
15402
15403
15410
15412
15420
15422
15423
15426
15428
15436
15439
15443
15445
15447
15448
15453
15458
15466
15469
15471
15475
15476
15477
15483
15484
15485
15488
15495
15497
15504
15507
15509
15518
15520
15524
15525
15527
15532
15541
15549
15551
15553
15556
15557
15560
15561
15565
15566
15574
15577
15578
15585
15587
15588
15590
15594
15595
15600
15601
15602
15604
15606
15607
15609
15610
15611
15612
15613
15614
15617
15618
15622
15630
15631
15635
15636
15638
15645
15647
15649
15651
15653
15655
15658
15659
15660
15662
15670
15673
15684
15685
